1528 6030 13 5293 2549 1124 1724 4337 3178 1985 2549 4963 733 6501 2530 5234 2486 719 937 
2604 2440 2569 
1920 5608 
6831 1883 4740 2331 328 
182 
145 141 
609 4782 
4299 2389 2811 
1303 
2830 1613 
6242 
730 842 1640 2830 2135 
3803 828 
2881 98 
717 
2217 5834 1145 421 1828 2169 5604 
889 4833 
1920 1849 800 3803 814 533 3401 2830 1422 4350 
2701 258 1812 806 116 
1363 3615 3573 2699 639 4873 4243 
6020 570 
3193 717 6151 5422 190 
2604 5215 1389 6138 13 2678 3313 161 
5638 
2900 1542 609 6079 6045 5809 
2732 6281 400 2676 6455 328 3311 4 
2881 
717 5262 1608 6579 4429 
1065 2653 438 
710 2250 
3272 5024 346 5452 
2950 4429 556 
3 4532 5552 
6443 
2983 3548 5328 
135 4300 
1329 971 6756 
438 4208 3713 
1565 1222 
2440 
4391 2476 414 1467 6039 3421 4840 
5846 
922 2701 2294 814 
2081 1626 3214 190 2288 6503 328 
3272 2412 4853 
3019 1870 
5608 3910 
2791 635 3981 
2650 4018 2288 1329 3981 
2398 2881 5452 
2965 6493 
3803 5024 
141 
919 2511 
900 1233 3800 800 1776 6148 4611 5552 2131 1883 5134 
5452 675 
609 4924 4194 5785 737 4337 328 
2950 678 814 3254 1049 3981 
2650 
795 
1827 3353 135 2549 
4192 4595 
141 
939 6045 
2331 1775 814 755 3254 4447 
3891 
1528 1090 
5572 799 2711 5844 
2604 
5467 
2498 
1168 4833 
6829 
2014 275 3343 
4595 556 
2516 2883 1684 6831 5970 
539 
3994 110 141 
1695 2440 1734 954 5609 
6831 6025 4176 1303 
1695 3202 3019 1196 2637 
4740 
5088 4337 
4873 1699 
139 
2094 2094 
1695 2068 182 328 
6396 
787 1535 2152 2912 4889 2701 1905 1468 3313 5638 1371 
182 
2791 5307 3994 2081 4185 4036 
6151 5138 5422 
4099 2717 1514 2383 2656 5981 328 
3126 1196 4631 
5655 
1855 4713 1639 2389 4873 147 
1640 4361 4018 
842 116 3881 4833 2083 944 1227 
4192 842 174 5024 1379 3815 2046 1947 3709 
3510 4903 199 2046 
5699 5255 4629 6569 4740 
3929 5874 3193 2881 5836 3994 
400 1594 4194 1403 
955 3264 1467 1136 1626 443 5134 988 3140 1870 
1389 1083 6380 3124 2922 1646 2833 5604 
414 2028 5088 4429 965 3622 
3615 3490 3019 1452 
1695 4279 455 478 
3313 3140 4018 1985 
1609 2569 2068 
4192 1863 5970 5397 
1988 3803 5557 6286 88 3968 
438 116 
2830 5099 
787 4664 1235 1827 1883 4458 3140 4018 5324 
6493 
4383 
2280 740 3651 
3929 4140 2676 
1778 
4204 4112 
842 2217 3473 1855 3193 6501 1883 5638 3882 4429 3035 
174 3272 815 135 
3934 2331 579 2440 2928 1468 
1988 
1699 
1758 2549 
6045 
730 842 5552 690 4595 5533 3779 
678 800 2962 5846 1467 4924 2877 147 954 3364 5809 
828 
3929 
447 2575 6579 1697 1881 
3651 1330 4063 
3800 5279 919 4377 2701 5557 1512 2371 
3572 6148 4611 922 6045 1196 3266 5970 1049 6392 3111 
199 2277 4898 400 6079 6110 881 3649 4671 4429 2288 
5165 138 2424 39 2957 814 4295 6196 
447 2603 2617 3371 2965 1640 2046 1840 88 
5742 
452 2734 4208 
1235 1911 258 4075 746 552 5165 
2460 
1052 1734 
888 1318 1065 1870 
842 6501 2676 5638 2331 6667 
2028 1855 2474 3651 1804 
6829 
1535 3573 1646 2430 
138 5858 3193 639 559 4036 
2791 
795 2883 740 400 6110 905 3202 2250 2163 
2604 5572 1542 13 1498 2133 1303 
4075 784 814 5255 
2339 1090 1734 275 
2510 5901 
633 
4464 
1528 3473 3805 2657 
2791 6286 
271 3929 5138 5608 258 2795 2569 3792 5685 6242 2711 2759 
6121 
3071 2420 556 3343 
678 467 2563 5630 
5982 
6039 4122 6020 322 
842 6392 4224 3929 438 2676 1873 5783 
275 3019 2739 3713 2811 
5278 
1566 5970 
3548 443 2331 413 
5165 3385 
1648 5099 486 
5835 
1695 4029 6279 443 1222 428 6121 2398 
3130 1776 
5155 5727 
2046 3370 4185 
120 2881 
4018 
900 4140 596 4447 1052 
4649 1639 2653 922 1684 1379 8 2637 4506 6025 
2651 2711 
1648 4111 3140 2406 1227 
432 5846 1905 3214 2575 337 2137 
1363 3302 1020 
1883 5516 2569 2420 3622 
2406 1936 
1883 
1778 
4204 
2791 6151 2016 
3281 1083 2280 116 1329 1621 806 2342 1842 
1225 
6396 
2971 2389 1235 2176 307 1110 4047 5062 
5699 3140 
2922 486 
2904 
1379 135 4924 4595 2498 3809 1630 5010 
2440 6579 2928 
93 2014 2440 
163 3019 199 2837 453 2294 
71 6831 2745 
5970 1404 
4713 2133 4853 5719 335 
4631 
2682 2761 2108 
1776 5533 1829 4720 
3019 1778 
3113 
5638 
2028 1464 
400 
2217 4889 922 635 
2613 39 
447 787 2300 799 275 5761 2678 2230 
120 2732 717 937 
2447 787 971 1498 2133 4208 2230 
4713 784 5846 2014 2377 4853 3683 5024 
2046 5155 3266 1225 
1776 2377 346 583 413 
6594 
414 6579 
4713 1352 
145 4036 
4140 1684 2745 720 
6070 2172 
432 4642 4383 1640 5255 6196 110 2288 5324 
1467 2271 486 3622 
4840 3193 3994 6045 
895 
2701 2657 
1922 
793 
2152 
1138 4873 2133 3181 5049 1300 1704 2227 
795 1329 846 4671 816 2142 
787 2894 1542 3044 2613 5024 328 
3572 3124 5402 
1695 1514 5726 3649 
795 
2549 1235 4627 413 
596 1499 3124 3882 428 190 
4300 
5130 
2604 4611 4036 
2657 
2830 3802 2371 
2881 
463 2389 3272 2682 
6756 2711 2430 
3805 647 
5846 814 5638 1104 
1699 1542 
987 
3425 
93 3893 
6121 
199 
3548 2156 6196 916 5552 
4029 1694 3371 2653 1212 
842 432 401 1235 2406 6127 5131 
5452 795 5809 
1988 583 2811 2406 3111 470 
1437 1389 3224 565 441 2222 35 
4903 2682 2575 
6148 2552 
5165 441 94 5631 5010 3181 
141 3411 
1763 
6196 
2342 
4374 2551 3887 988 
1763 2651 4224 
806 
275 5937 
39 4140 5452 
179 
895 828 
955 17 467 3053 
5982 4064 95 
2214 5846 3124 5024 3170 2227 
755 2651 4853 337 
4898 6501 6277 5631 2656 5706 988 5945 455 3343 
4397 2957 6116 4903 6050 1778 
428 
147 1881 
3649 1697 1052 
2300 3369 4903 4611 1876 6286 2637 793 
2406 6242 455 403 4841 
2791 6374 4140 275 1812 
784 3805 6286 2412 
5215 5400 1464 944 
3421 2881 2593 4840 816 3683 
2791 6281 1911 6110 735 5328 6196 2475 
939 
4224 6148 1640 2894 335 5999 4204 
2195 199 
3893 6286 
1104 
2588 
5609 
3264 
1776 
2014 4494 5719 
1920 5638 3124 986 
2950 2791 1739 1777 1379 5653 6070 4194 815 4499 
4903 400 1275 
2447 5279 6569 1303 
717 3140 2998 
730 917 5608 
3548 179 
5834 1227 
5572 6116 2028 5552 1196 4016 316 3177 
5088 
740 937 5215 
5970 1763 2131 773 4185 
2016 955 1684 
3968 
2156 4924 954 3111 
6493 
3266 6045 
2825 481 6831 2377 5222 1684 881 
1920 1303 
787 2385 1776 639 851 5155 3732 
5552 2430 
3510 6148 6621 5293 275 3170 
1626 5771 
5846 4305 6392 
4627 6070 5937 
3839 1066 3677 
2771 
5150 806 664 793 
6831 4924 1225 
5638 2588 6378 
815 
955 1684 4429 
4003 2389 1340 613 
1684 1225 
5046 
2156 1626 5088 
5321 2549 
541 5099 
3651 4662 5638 1222 1699 3564 
212 365 2353 3968 1352 5024 5937 392 
337 
6831 5138 
68 2912 6594 275 43 
6039 304 
145 1609 2030 
5609 5088 2552 6528 
141 
3272 
5215 4713 1640 931 596 5649 
740 258 
4295 4873 439 
4860 
5982 4720 
3615 1084 2650 3193 1608 392 2453 
1363 3226 3548 438 2830 
6281 1330 
4429 
3019 1618 6549 5701 5024 1694 664 
919 2657 
4642 3254 6070 3170 
733 
954 
4397 814 5255 1812 1300 3968 
954 2094 
1352 5024 4429 5719 
1212 5010 4093 
4397 115 6501 1876 4497 5169 3981 5512 3895 
4 6024 717 2701 
2339 6392 2028 
271 
2523 639 
889 1514 800 2176 6751 3572 1452 613 2759 1227 
5846 
4295 2342 1842 
2604 717 441 3421 4853 4873 806 
1763 
6024 4611 2131 4122 4018 
6831 
5279 6281 
5398 1697 
4222 
406 
5886 
1196 2068 1985 
6481 
6242 
2389 1136 120 1328 3809 4262 161 
4631 
138 2431 6286 1005 4346 
5088 3 3343 
6148 1235 441 720 1303 
1467 
0 5874 717 1911 6110 1873 4046 
787 5262 
2420 
2222 1030 
799 4611 5834 50 
5653 556 2852 4841 
4974 
406 2883 5846 2475 2133 2651 5324 
163 2912 438 6594 1694 
3891 
3311 
4631 
3234 
6286 
4194 3335 2294 
2025 1235 2176 6586 
4631 
6226 280 5653 
115 228 2682 6070 
2603 2530 1196 6242 179 
6405 
1920 6831 2046 3551 2939 
2014 965 
4 1855 2014 922 1618 4300 
5552 2588 
842 2648 1329 
1215 
937 1936 652 
2883 6493 
2569 337 
6148 933 
1763 2837 4713 4205 1303 
2791 787 2476 163 3272 6110 6196 110 1873 
1227 2644 
2077 1196 
6829 
3752 
5467 
800 717 3677 
3934 1879 2965 1467 2176 4963 541 939 1303 
5088 
3313 2080 4611 1544 6025 
842 5703 2912 2881 4111 2575 4300 1985 
646 
120 2131 596 6286 1705 6579 
3803 
888 1299 2575 2651 1330 652 6127 1497 
463 782 3615 280 3548 438 1472 
5703 2016 1639 4889 1052 156 
6045 141 3169 1787 5604 
2569 
2928 2260 
6226 6756 2342 3470 
5321 5837 1011 156 
138 4397 5877 4039 2901 2575 720 
1528 1971 1971 11 5901 5434 
639 6177 
2080 1065 6272 1235 275 1168 937 98 3981 
2907 2681 4611 2549 6070 5970 5630 2625 1222 6405 
4627 4205 199 
2217 1684 6286 
432 4889 4963 917 
2894 2156 1046 2654 2877 2474 2023 1227 2551 1497 
4224 6756 6196 2342 2475 190 1694 
280 814 5091 
138 2476 710 2912 1876 552 1176 3559 5583 5771 
4295 6392 
68 5699 4140 2431 3421 3677 2516 
447 264 5131 
2965 4377 4075 2588 2294 335 
3981 
5742 
5631 3752 
2965 4833 3828 895 3214 1842 2057 
6621 1684 3893 5638 5552 
730 2604 141 5010 2811 
1855 4833 110 
428 
537 264 6116 2440 2563 6242 
5088 4550 744 2394 1574 5099 4064 6756 4853 
5971 2406 
717 
1870 
678 4898 
644 5846 
3130 228 5552 
1922 
6286 110 3234 
2603 2440 1763 1956 3893 4299 1030 
4611 4833 5046 
2971 2603 1684 5056 5631 2974 190 
1950 3193 228 2133 1646 2068 
2385 2217 816 
787 78 6380 1883 147 
814 639 5937 
5631 5131 
2156 1329 231 
842 115 6281 2830 337 
1168 2440 6594 795 
5088 
452 2016 814 6070 
842 3510 2476 2809 2342 1608 413 161 4153 
4003 438 1873 6086 
1734 3266 1212 
438 5836 1049 4853 4740 3181 793 
2971 1950 4889 1498 5638 2496 2902 365 4429 2342 2430 
3019 3421 4122 3343 
4375 1542 582 1145 2575 
1695 438 5631 147 
2342 793 
5834 2737 
1639 2653 1467 6030 3401 6594 1225 
1640 3368 6286 
4818 
5638 5799 
944 
596 737 6735 995 2094 
4224 138 4627 5452 5099 
71 
2377 5056 5608 
4713 2549 2575 
2881 3421 2727 2651 275 4850 6396 
4 2229 5165 2081 3752 
2389 2377 4295 1330 5783 2711 
2569 1303 2342 5467 4 1212 
93 2025 2014 2830 8 
441 3178 1985 1227 
814 4698 6110 4853 4036 
228 2057 
4099 5088 
2569 2406 1222 
3019 4506 720 3178 
5638 
5088 2699 2389 1235 4147 3700 
3651 2383 2156 6392 999 
2791 730 740 1618 145 2169 1067 3968 
1695 2440 2881 1956 1363 1303 4132 6396 
2940 1227 4 2920 
2569 4841 
6443 
441 3683 
937 3683 
3140 4861 
4595 
5088 6286 
1499 
1499 335 
3281 2377 258 3881 4595 5701 5552 
228 4429 
4016 
639 2588 3968 161 
481 5279 1196 2135 
3254 2830 5024 1842 
3651 2353 1452 5099 
2761 161 
2028 6110 102 4850 
3510 3805 2156 3882 5638 
555 4889 4974 1363 
93 3189 3193 2701 2229 
2046 
2791 
4873 2549 1655 613 
4631 
842 163 1542 1467 
1694 3019 2131 596 5255 
2385 5452 1778 2094 2172 4264 
842 2476 4194 
3651 1776 441 
3 4208 824 6586 
1498 
2950 6286 2902 
2356 141 
6528 4833 
4698 4977 
5808 1275 1227 
2791 3994 3170 828 1212 
6148 
6079 6455 4873 
6242 
413 
1084 4903 3272 5367 
3202 3800 6286 5970 4841 
782 1467 5165 3364 
5552 1684 1175 1425 2342 
971 1828 
4595 2406 986 
4889 
1988 784 2014 2682 
639 6396 
3189 2389 238 3379 3313 
447 1528 1905 467 2046 5169 2696 
3560 3929 4111 5921 4196 1807 954 
3371 2650 3700 
3 1467 6196 
414 467 190 3743 
1849 5699 4903 1763 4153 
6281 2881 1330 
1299 
787 2965 
828 556 
2077 5834 1528 6493 3259 2014 609 5877 5856 
1763 346 2676 131 2637 5024 5053 
2640 2569 646 1984 
4377 346 
6121 
5834 4176 6196 793 2644 851 
2046 3808 2998 
2552 199 
212 6148 2081 988 
4016 
728 2894 3272 2046 4649 5533 3882 3968 
4018 4975 2028 905 389 
2811 5970 
1528 2476 1940 6110 2569 2135 895 2081 
579 4889 1593 3649 
730 2761 
280 4377 5982 5971 
4374 2912 735 3246 4204 5099 5324 4464 
406 
0 400 1196 5970 3551 4299 1030 182 
2791 6226 4974 1514 5515 
271 2791 1498 5701 652 
646 3035 
5808 
4611 583 3126 2928 2549 
717 1936 5088 3234 4974 
2356 814 5552 609 258 905 3990 1608 
3272 5010 
1988 3189 1455 3242 2637 
280 1233 
4631 
5699 6079 6594 3739 1300 
1694 1911 5638 182 
5279 1542 3019 4873 1099 3170 545 793 161 
4642 782 438 5631 1936 1828 2651 161 182 
4116 1514 4662 3548 905 1222 5293 917 1227 2222 6050 
1646 3254 1196 
138 919 1235 6045 4977 
1468 
6141 1684 4611 6086 4595 3551 2499 1985 
4642 3800 2734 
900 4840 784 4377 5856 
3615 438 
2523 2732 414 1044 4222 
4029 3371 4611 1136 2676 4595 6157 3792 4185 
787 
3715 
1235 596 
4111 
4018 
2331 1467 881 
6501 2830 2496 
2791 428 
2080 3803 1467 6392 2682 6575 2412 2142 954 6530 3181 
1640 258 3311 4036 4064 3470 
2440 5608 
2440 
6148 4611 2081 2540 1646 2549 3035 
3651 4663 2883 3019 6045 6045 937 5883 3214 2928 5809 
147 
2791 2342 3548 1734 3649 4194 4018 2371 4841 
644 1639 2133 6025 1609 4023 1688 
1084 1467 735 5533 39 793 
571 
5608 
971 328 
678 264 1075 5846 2014 4111 6621 6196 1697 5834 1222 190 
6754 
1646 
452 787 3929 4377 13 4111 4067 3126 3649 5099 
1971 2540 613 1222 
5024 2406 3411 2230 
2604 5834 2339 4075 5279 2377 4337 2094 
6501 2510 1778 392 6621 4464 
1807 2569 
2971 2603 1855 3140 
2791 4595 1718 
787 432 4642 4299 3126 4611 3235 1597 110 1275 4624 
264 3272 11 
3651 
2940 2371 
3421 2431 
1883 5088 988 
2644 
413 
1911 582 6594 5740 1225 
726 4064 
1437 4903 3235 6086 50 1280 2420 1497 
2563 
2841 2156 5761 1499 4963 4 
1227 
163 1138 1593 3649 1212 5834 6621 
199 4194 131 1778 5742 1985 
5552 6148 1049 
5552 
2389 400 571 1196 5150 1430 
1052 2516 6756 577 4663 5279 2108 2920 
3193 
1855 2028 
4377 3695 1922 
6621 4649 2474 2371 
787 1109 2046 2081 102 
400 4833 
5638 88 
888 4840 4375 6281 
6756 3457 720 4300 4036 
2498 646 
678 3193 3272 6594 3981 5099 2353 1425 
3881 4506 1922 
4300 
805 
3272 4698 1145 2250 1227 199 2998 
5699 5255 
4300 3752 147 
922 2475 2922 1052 6121 4123 
5834 5099 3 4850 
6162 
1855 1639 98 1968 5982 
2825 3189 443 735 1212 3266 275 
2342 3615 2510 4663 1778 2260 3202 
6528 3994 4429 2135 
787 2575 2081 
2791 888 2881 596 5452 275 954 2759 
1776 438 6579 3893 2940 6594 5609 
717 2940 
271 280 1542 6110 2569 2496 
88 5971 
806 
93 717 
304 2156 5557 2281 5091 3715 
4631 
2447 3202 1352 4665 2081 
271 4550 2881 6392 1299 1512 545 121 31 4361 
5699 5262 
3035 
5877 3343 
4840 4464 
3189 6493 814 1883 2569 3234 539 
2737 4153 
3232 6116 
2080 4850 1225 
2962 2195 
717 2613 5024 161 
5281 
2362 
2389 1763 909 3411 
2028 5631 2142 
5572 4224 1940 806 4300 4850 147 
71 2334 3421 4903 6756 3882 755 6110 1873 2593 2474 
4873 2644 4730 2965 1594 4963 556 4977 
3548 5010 
787 5165 913 
717 1873 5549 
2046 1225 
2711 
148 5604 
2176 5557 1714 1842 
2014 5293 1842 
4141 814 755 5262 1212 3981 4873 
928 2791 5883 2563 4 
2659 2644 
4397 115 740 909 4649 3864 3214 4 316 
2912 6501 5877 
5465 
3651 1046 4853 
4192 2217 6756 258 5837 3687 4208 2342 
5024 5155 3677 100 1227 
1684 3193 3893 1226 
1065 4122 2761 
6751 737 1778 2588 2549 
609 2676 2353 2940 4679 
888 2440 4611 755 596 5049 1176 559 
6594 4447 
6279 2193 
782 
5215 6148 2068 
787 888 304 2653 3019 4112 937 2940 1425 4016 
271 939 4 1699 1776 2965 6110 1923 3547 3126 
1920 2175 5834 2837 6286 2142 
481 115 6079 1883 1212 
2791 2014 988 5088 
2156 2456 
2030 4639 
6079 5864 3347 428 4023 3968 2549 
4224 2650 6831 2081 596 1594 3044 2613 2902 4277 
1608 5701 3981 
787 1299 1648 1595 116 5783 1045 4153 1222 
3281 6709 
414 905 2475 
5808 
2356 2593 4833 2920 
5572 1694 2440 1734 5970 965 2133 6148 
2214 646 613 
4840 6024 1590 1777 3491 441 2939 6162 1225 
6298 2940 275 2260 2811 
4663 163 4140 5982 88 5631 1694 1322 2030 
2569 4003 
237 3202 
5609 180 2398 
2028 939 5155 
3272 
2080 6493 2440 4112 
782 579 2549 2653 647 533 6030 4194 3140 
3934 3281 530 1777 438 6050 
1640 6252 
6831 1212 
787 174 6116 
2334 5785 3809 1804 
5155 
212 6281 1422 545 1330 2651 486 6667 
5956 3882 
2214 
228 2928 793 
3638 1467 5262 
5655 4205 4952 1227 
4111 1900 
1618 5367 3990 2922 1379 6355 4853 2420 2486 1881 87 3234 
1879 138 5222 6594 4222 4337 3715 335 
4116 5165 2957 3272 2133 
190 
5024 
5858 
1695 1235 5134 5999 1009 1697 
988 
5921 5874 4903 4111 987 3373 
271 2650 5990 5010 
4018 
212 3548 2353 2402 3891 
2791 4397 2900 6281 2837 4628 12 342 2456 
174 
5937 
1648 3272 3302 1084 
3189 4111 4305 1715 5452 2486 2057 5020 182 3981 
2156 110 
2385 6756 2676 3242 2637 2222 5655 988 
5608 6579 3170 
793 
939 4595 6082 
4 1968 428 975 
4889 1452 2475 1110 
2230 
4112 6242 965 
4429 
3019 1876 
2431 
4192 5321 1775 2081 443 3300 1888 3124 413 5719 1371 
973 4140 1640 4204 142 4841 
787 530 5834 1136 2676 2166 1468 2940 5836 2837 5631 4016 
2217 2884 3573 3683 1225 
4937 5982 6594 5099 3126 180 
556 
39 4375 3130 3929 2837 1499 2884 4940 6135 4853 5937 
2653 2881 596 3934 4853 1030 
2791 2604 6641 2965 4595 3266 4297 2771 4209 
5799 
787 6281 438 5883 2637 5981 337 1916 
5165 2406 1176 3638 3411 851 
4702 
6392 4429 
4018 4300 556 
537 1065 1626 4016 824 1049 2940 5402 5849 
1873 135 
452 138 
5552 740 2613 
1528 2028 5552 5608 4176 4264 3968 
5278 328 1842 
2588 
5699 3203 4111 2940 453 4196 5701 5552 806 559 322 6162 
3638 
3246 1374 5515 
1455 4663 328 1303 6121 182 
3615 5982 3335 2637 
787 3362 3651 2699 6281 4873 199 909 1705 2637 4853 
93 174 3805 1499 110 2087 3379 199 
2603 4111 3335 3044 5554 944 1227 
1233 4611 5761 1888 5970 3882 1303 2486 6831 5010 328 
6045 5655 
814 4952 
678 799 4898 31 3214 
537 2791 1923 1514 5609 2830 2928 2923 5971 
4550 3281 1499 888 2496 
428 4156 
842 1639 6196 4018 3968 
1127 
4176 988 
4447 
4194 
814 1303 335 
4853 6116 1225 
2339 1542 4873 3214 6121 2288 
2640 6281 1145 1900 720 1222 
5638 
264 6298 917 4299 559 
4224 3803 2028 2081 2431 
4147 121 11 5937 
5901 
2356 1697 
2825 678 3044 2837 4494 3990 
5279 
3126 4064 2696 1227 
1065 4903 275 2696 
865 2440 3170 71 
6079 
2338 
4140 6594 1046 5422 
2389 
755 6045 1923 646 2826 
900 71 1275 2569 4299 4262 139 
787 2603 800 1734 4627 5837 3044 5982 88 1630 
2791 2676 2613 2169 1778 3968 
565 1542 939 2657 735 5150 4854 3 6263 
2398 5970 78 2389 5761 583 1499 2936 1227 
2657 182 
4029 2334 1956 4018 1804 
3548 3130 
4 3368 1883 190 
2398 3130 2353 1966 1768 1812 2169 
2928 
4730 4873 3234 6528 
5281 
6079 6039 
138 39 2109 1787 
646 
556 
2957 4177 4300 
5921 5846 
889 1467 4176 1699 
4840 2965 4429 2057 1225 
842 3510 2440 3126 2023 3882 2260 2811 
2300 2476 740 346 6045 8 938 5155 3981 5165 5937 3111 6121 802 
2791 955 799 5583 1084 1222 
710 
589 4122 802 3981 
2965 4112 5761 2127 1052 311 
6405 
1052 6050 
2229 428 4123 2499 
720 1303 3411 110 3564 
6070 2023 6481 
4205 
2650 582 2657 1594 4924 6039 203 
678 4671 4018 
2732 2912 4873 1618 6196 2250 
6070 
1705 212 1594 8 
1695 350 4889 3649 5701 2281 322 317 
5165 4459 3272 2377 1905 
787 4642 6756 1609 5761 3053 4595 4940 1694 5010 
1225 
4631 
5099 6443 
596 2510 5452 
1499 913 1497 
5262 2549 
717 5150 
4029 1694 2334 1763 2331 4205 
6493 
71 3193 2133 5056 98 1403 2402 2222 1756 
5901 
4132 5262 556 
1684 1136 6045 2281 6392 
842 1640 1956 2701 690 
5572 1763 917 3214 5552 5604 
2217 1593 937 3214 
1514 400 2474 2552 
2912 6594 31 
1988 4377 3739 4429 4297 
2957 1467 3893 2575 4153 
2603 2689 5609 
203 
1648 6756 2593 4853 
452 6024 1542 4112 2353 2569 4497 1011 328 5099 5515 3178 
406 4140 3649 4663 6045 954 3752 
5609 
1437 3929 4140 1608 5981 4853 470 1804 1225 
1175 1052 
5552 6378 156 
1695 3510 4018 4853 
4153 
4018 4459 589 2912 1499 1011 337 4337 
865 2650 2014 5134 1403 4853 337 470 
2732 6501 441 1386 
5609 
652 3968 
5982 2420 
414 1452 5088 2222 2826 5609 
6501 
2791 463 2516 1640 228 1873 3401 5937 2678 3126 4205 147 
1695 389 3649 5742 2549 
1065 3457 1110 
452 120 5321 5024 441 1724 182 
4944 3758 
271 2604 3170 
1920 2389 1005 
4873 678 2280 971 2195 2653 5222 6594 5134 5255 4447 4853 5609 
4397 565 6281 717 2696 1363 4264 
4730 2334 6196 3124 2549 2420 
5552 145 5516 577 1226 6396 
3202 
2830 
3882 
2791 3651 2028 6045 5761 4205 1162 1613 793 2881 1045 
4944 895 2406 
1699 346 297 180 
5638 2230 
4224 3651 814 5609 
6045 6025 
337 6025 
828 
2791 3805 814 
4003 579 717 2081 5608 3140 909 5609 1303 2094 
1104 
447 2791 1648 717 4111 4506 2412 5024 2406 1699 
1330 2828 2920 
4018 2362 414 3994 1222 
3994 824 4720 
755 17 275 3170 5742 556 5046 335 
4003 3615 3805 1330 4185 
1044 2431 1723 4624 3035 
939 2158 
735 
690 6528 4299 
1763 3401 2053 
1648 2156 2176 6196 110 
5631 2288 
2217 2912 2156 1734 1363 5921 2830 1714 4853 
1535 1498 1084 1675 
141 4205 3234 1227 
541 4595 
2068 
1734 
787 3510 6579 2957 3548 4377 2922 102 
2331 3548 1212 1212 
6584 6501 3181 120 3649 6252 3209 5492 2728 2544 
919 4903 1763 6579 421 916 2552 147 
1590 5699 
3800 6024 2881 556 
2950 6141 68 4903 414 438 5255 2135 2919 828 1226 
3371 5846 4595 1049 1984 190 
2217 3803 2142 2830 2928 3891 3234 
2871 2474 1778 3752 5024 322 2552 190 
1695 3638 
5699 3803 2657 
1046 3542 5604 
5742 
5604 
1000 2957 3805 1640 556 4262 
328 
1416 2928 
2699 5867 5997 4337 
2971 304 1542 1763 5901 6196 4663 2588 1227 
1099 0 1404 1697 2440 814 1212 4447 1609 4740 
1640 5799 2081 1067 161 
1626 2871 
4550 6822 1124 
5010 4850 3373 
5834 203 
5255 3266 4003 2400 
814 258 2275 1840 3981 720 678 1947 
2603 2280 2841 1684 755 582 1498 965 1046 1646 2427 6025 3802 
71 4611 3572 6070 4853 5552 2123 
4853 3170 
717 5255 4205 1778 
806 2342 
2791 6594 179 
3929 1235 6392 596 5367 4036 1145 3421 3462 1699 2430 4977 
4374 3805 2701 1593 2420 1922 
2389 
842 800 280 
5981 6392 
6045 3929 8 971 1227 
2014 596 
2604 806 5452 3981 
400 4447 
579 3371 2014 199 2871 
4224 6277 
5400 805 2288 
2957 180 1724 518 
6641 4840 3202 6116 6148 443 2133 1581 6030 5328 377 2737 5970 1899 4853 5982 3 6127 1045 
4036 
3281 3785 5552 913 561 
518 
2965 
4889 2678 4205 
5785 2625 1466 
5982 4898 6831 2496 3752 
3882 441 
2398 5222 0 4679 909 297 428 5009 5161 455 6396 1225 2904 438 3113 1009 2222 278 4853 
814 2440 3170 3411 335 
1535 6138 
5655 
4192 5155 5533 5719 
720 120 1704 328 
730 
2440 1646 1222 1688 
5649 
5165 717 
2260 
4112 
1956 1621 5099 
939 2288 
1734 2474 5970 4429 3968 
1528 1763 1222 2761 
3510 596 
1639 4873 4196 1020 
900 2604 1640 6045 6079 2588 203 
1618 1840 3981 
2883 4140 6039 5351 
3893 6070 1011 2081 
1828 
2080 2109 3446 5150 604 6070 4277 1225 
5279 814 1684 6594 6528 365 3784 141 
6079 
2176 6735 2142 
4204 
842 5609 4300 
1075 
2081 4224 
1235 2928 6045 2068 556 4047 613 4488 328 
2950 6226 3683 
2983 1065 3254 1452 1804 4854 5609 
2904 
6380 
2681 4488 
400 31 
2604 4023 
337 
6501 5088 2068 6829 
4924 
1646 1329 
3548 3713 3990 2549 
5255 
1498 
5921 2965 1593 988 
438 4429 
5655 
3807 1329 6283 147 
5099 
1467 1618 
5834 2881 
1879 
5921 17 2830 2922 
1330 
6831 988 
1404 1775 3019 1196 3124 1222 
1776 2142 322 
1950 4611 2131 5222 
275 3809 3895 
1695 4889 4075 4300 
322 
2651 5336 
0 4662 2841 5808 1328 2575 2613 2420 2146 2253 5010 1215 2852 5078 
4499 
131 4036 
2907 1222 
6621 120 800 1590 3272 1136 3235 3401 5984 
5279 2389 88 2371 
3934 1697 6392 1694 
582 3981 
1971 4506 3968 
1655 3172 2475 361 828 5604 
5131 
2613 841 2253 3981 
4629 1303 
2581 
4924 773 4185 30 3968 4300 
5262 2617 933 
2830 
1452 4873 
2791 438 4075 4940 
806 6070 954 3968 
2761 
6829 
4029 678 145 3893 3044 2331 3807 
4112 
443 6086 4833 3 4153 
1222 
3800 577 
1535 2653 438 6045 5328 2830 1697 1176 5783 
5631 
937 1226 
2339 6501 2440 905 
1684 
1542 4611 918 5024 
5742 
428 392 
0 3272 
147 4429 
4937 740 6756 4196 
937 
4642 1694 2028 639 5088 3713 3715 
13 4299 4841 
4889 5262 
6121 
4595 4429 
1566 414 5262 4840 
1695 3994 
3805 1594 2922 2894 
4299 3548 4023 2852 
2080 988 
2476 3929 3272 443 1905 3140 1049 275 
6283 
1695 4248 6196 328 
1684 2637 161 
5467 559 1222 
6481 
639 5099 1842 2549 
6831 4629 895 182 
1775 4713 6162 
4111 
2699 5609 
1329 1528 1065 6196 545 335 
2495 3313 
5552 1684 4377 1044 1923 6286 1922 
2907 814 1073 3551 3809 4740 
6196 
5165 4112 5262 3300 646 
5631 
1542 5638 
2385 6831 
5604 
1138 6392 2475 1403 2495 156 
2014 1911 5207 288 3370 2998 
4111 5653 2293 6045 1497 
5367 4264 
1425 4649 
4730 2028 6263 
3371 1618 2904 
842 582 639 3809 
2389 720 1011 3622 2894 
1920 3242 31 
5638 
6070 5799 2406 
4023 
6100 5901 3622 
5552 
3828 4425 4140 3411 999 
1640 3311 203 2300 
3336 4375 2881 4016 2135 
537 212 5638 971 467 2980 4853 403 
939 1467 5638 1514 2135 361 1646 
2791 2625 4642 1542 
1000 4295 4177 
2732 5846 2014 3994 275 1688 1497 
481 740 
2342 5970 2440 2881 2431 3368 5305 3981 
5846 2133 2227 2135 
2613 3202 2142 
1695 1879 881 6127 265 
2837 2193 1497 
2499 
3828 400 1594 763 6506 5009 2430 
1936 
2604 115 3193 438 5222 3170 2288 1212 
2280 3226 3272 5465 4629 
1340 
2080 3800 413 
2389 4111 2682 646 190 
2950 5937 5010 1227 
787 
4898 6110 1468 5631 2511 917 4853 4873 3651 
401 2653 5367 2496 2495 
2657 917 3130 275 6378 5215 
6455 
1235 
2046 
1855 4018 5010 
4377 1883 2166 1715 4952 
3809 
1920 2676 5981 1697 3266 4720 
842 3700 2412 6443 
1233 
4295 
6002 3347 
787 4305 
6594 
3202 2965 
1299 746 5552 
93 1695 4075 2014 3893 2331 4506 2135 39 4023 3470 2936 
2971 3368 4194 2549 
1827 5761 2575 2498 804 392 
4336 842 2928 2486 161 
2356 3677 4853 
987 
5278 
1984 
441 793 
1863 793 
2575 5467 3981 
2498 141 
1988 955 163 2440 2014 6196 824 545 5701 5719 2286 
138 4873 5974 
955 115 939 1734 3235 846 1667 2651 1694 5515 1912 
258 5552 2474 
1052 6281 2881 4698 5808 1499 31 646 3470 4153 
6025 
2025 5494 1227 2852 2398 
2811 
0 4713 4112 4300 913 
2227 48 
3202 555 2912 
2430 439 
1542 5452 3370 
199 17 3994 
452 3638 1879 
1936 
787 421 
763 
1514 2280 3170 4611 
2339 4140 6501 
3732 
4611 4595 
147 
3651 1985 
6242 
6481 2135 
5697 
3994 2133 1922 
3124 
1763 1626 
3202 1639 4903 2475 1667 2904 2169 4036 5088 4629 
717 
1734 6196 
1775 2912 1235 5877 3140 3411 161 
2928 
4185 
842 
68 4903 4112 3254 806 
1920 138 1694 814 6045 2166 1812 
1196 
4099 4664 2653 4377 
842 1684 3035 147 
1640 5638 
3019 5655 
4377 5653 
6641 2345 6002 1684 199 4595 4497 763 3677 428 
2014 1618 12 3035 
2217 4664 6045 3994 1512 2135 1924 4204 
6286 1303 
428 1842 
2014 1618 5981 3256 228 3715 
6641 2109 4377 2569 421 2998 
6380 3893 5583 5155 2922 3739 6113 2648 
5982 
2440 3968 
3202 5846 
4459 5398 1227 
5699 3803 1640 3347 1225 2771 
3130 806 
3800 304 784 2965 1883 1499 5971 
5452 
1528 2440 1467 2169 2172 
271 1695 163 2657 1120 4595 4447 2475 2651 5609 
881 
452 565 2575 5165 
2604 4642 3224 3800 400 4018 3683 4883 4841 
842 5452 337 4337 
5883 5638 1330 2081 413 
4132 
4840 4374 1472 2030 1303 
2809 400 3193 1840 1499 2331 
3281 68 1437 6079 3739 5638 199 4 
439 4662 3193 4018 365 4347 4940 187 917 5799 335 328 161 
3548 6501 2131 3254 5452 145 4629 1227 
1912 2653 5604 
6641 2830 
6392 2617 909 
2852 
971 2133 895 1303 
452 1329 
3807 4029 2650 828 
2156 1911 5394 4506 5797 3370 5515 
2604 2650 6286 5937 
787 4898 
1196 4429 
1776 3302 1275 2617 
2604 1639 2156 5024 
2791 3226 3805 2028 2176 6594 5970 421 
4116 2300 2383 4963 3700 2689 
842 438 4112 4506 5552 2420 4185 4629 4264 
4029 2617 
4720 
4036 
1695 2476 800 740 2028 1044 6079 6594 5608 4924 5155 6127 
4029 4224 1000 5608 2940 3140 
5150 3805 582 5877 4067 4595 2068 
3785 1828 228 4264 
1655 814 
787 6151 579 1542 3272 582 596 1936 5719 
5631 
447 4595 203 
2791 1648 3019 1498 6070 1971 3732 5609 
2109 2881 735 6822 
2356 6501 4477 161 6257 
4670 
5971 
337 
2354 1416 
1052 2094 
1176 
1566 1215 
2025 6579 1956 
4140 
2385 1078 3124 1303 328 
4297 
4299 6831 5307 453 2830 5867 
3272 12 802 
4631 
2761 
3803 690 4016 1416 
1778 
639 428 795 3990 4841 
1196 
6079 1225 
3891 
895 95 1694 3343 
717 199 4111 583 1145 
6443 
190 
337 5215 
4898 3266 
2353 4940 
3615 68 3193 4488 
6121 
4833 954 
4375 2475 3758 
2345 
1695 1640 639 6481 
2280 2014 
6281 1499 
6079 4067 3170 1352 304 
889 
4642 4898 5165 851 
3615 3335 2430 
481 5138 2081 5024 3178 
1694 1777 1467 4698 4112 3432 
1920 3803 1467 1593 4507 2940 4595 2498 
6481 
1648 2080 88 5467 317 
2046 2456 
3891 
3281 68 4375 740 
2334 4889 3373 3343 
4224 
1734 317 793 
1648 2928 1778 
5088 4940 
842 2345 1235 
3272 
2604 2516 
782 12 2496 1227 
1763 639 4841 
842 400 13 2960 
4506 3809 
3809 
1699 4975 1640 5799 275 3651 
717 5024 3732 
4631 
2109 2028 
258 2737 
5255 5984 
618 4840 5024 2541 988 
2791 4347 4952 
6148 1275 5452 
2998 
842 463 800 6281 4295 5638 3242 199 337 4299 156 
1593 5956 3214 5512 4023 
2657 2830 5706 
1684 
5281 
1065 
2791 2640 1699 88 4555 
452 2217 2046 5797 1724 
4224 1404 784 1640 3893 3994 3850 4853 317 2453 147 
4029 1455 1005 895 883 
3202 6045 
2081 944 
4889 
6392 5638 3715 
3311 3044 4036 
3800 5877 5761 4595 720 3170 2286 
174 2014 
3313 
1699 1430 
717 
6756 5222 2046 2496 2920 
5970 4029 6579 2540 5999 30 335 
2971 787 1136 2166 1876 5112 4297 2511 
337 3891 
2682 95 1467 
888 2883 740 737 4018 556 
1359 1225 
115 2440 3053 2613 5062 613 4850 
2345 163 4356 180 518 
2383 4140 4611 405 6667 
4299 1940 2133 413 498 678 
4898 1084 2068 5552 2549 
2080 639 4018 6274 2172 
5655 1227 
163 6281 717 1136 1646 2852 
1065 799 814 1827 4112 1514 
1684 
280 
1988 1235 5701 
5321 596 5207 5937 
4064 3343 
3800 2881 939 1705 
2516 1879 1542 438 443 4295 1714 3044 5169 4 3411 
799 5402 
6196 
2717 842 1235 6045 3246 3432 552 4853 2539 
1778 
1639 
1639 6274 
842 3882 1936 2826 1225 
6579 
2430 3169 3892 
2339 4664 1776 4903 1905 2922 4665 4853 988 
3839 2356 2701 5494 5609 
5452 2222 
1648 3649 
2604 4224 1235 4667 2701 690 2569 48 851 
4397 814 1608 98 2569 4720 3758 
2081 
438 2498 2678 
4375 
6756 
579 4898 5557 5467 1090 1225 
4595 463 
5088 881 639 
1648 5307 4595 3732 6667 
842 939 3226 1542 609 199 3739 6493 2456 
646 
2569 1052 2406 
2476 2277 5279 3548 1626 5134 4458 2737 5609 
3800 2883 6281 4264 
1346 2498 988 1127 518 
971 414 1840 147 5982 2068 3808 5719 2498 
1000 755 6286 2496 1468 
2028 5155 6396 
5222 1552 
2965 3800 1667 2023 5971 
4 795 6045 1609 2353 5856 6157 328 3214 1804 1984 
4099 
6501 3893 6110 5394 6070 1667 2498 
2791 2356 955 1879 2650 6298 2581 5649 1020 6396 
5134 4300 
1911 
6148 4889 6277 6070 95 2142 337 39 2922 
2398 228 5099 
2028 4698 2830 4208 2627 1900 
2028 5552 2166 1175 1212 3214 5761 3432 4629 
806 
917 
5321 
6148 350 4833 646 
3019 2135 3758 
3638 1514 6831 2046 1403 
2081 3893 2530 
6829 
1233 
556 
5400 
1052 
2362 1988 1389 39 5279 6148 4611 2176 5222 1734 2540 4147 5970 1594 392 
888 0 1777 919 2965 2881 3893 6045 
5165 1535 1618 5134 2353 2637 116 
4029 6501 4458 2569 2342 8 2142 5982 428 6481 1365 2288 
1052 1215 
2109 4903 5699 4898 2014 1594 
6501 1911 199 3113 1049 3216 4853 2023 4429 
4550 4611 922 755 
2385 3313 1639 4903 4377 443 3809 4853 1648 110 633 2552 
1928 2476 2277 6281 1467 755 1618 937 328 278 2575 428 3709 
2217 565 3193 4679 
842 414 6079 2498 4853 
4112 
5024 
4740 6070 1648 988 
2772 5834 428 6481 556 3379 2499 
275 4205 5970 4340 
2732 6045 4153 
842 1928 5703 2644 120 4662 1109 4898 400 5024 5557 1648 4295 5465 4016 646 5088 
1928 4889 3254 5638 5515 1922 
3170 2761 
228 39 3019 2342 337 2300 5515 
1695 6024 3272 6196 824 1899 1778 
2389 2068 
3019 
174 
5024 2912 1763 
68 481 6831 2176 199 2901 120 537 793 815 
2300 1777 4663 1778 
3 481 280 400 6594 135 1812 297 3214 
5834 2230 
2912 1956 2474 43 280 2163 5010 4853 
735 733 
1467 5367 
2732 2912 1763 1052 
2604 1705 438 443 
5856 
4611 6045 3649 4853 
3226 6831 1883 
3140 1697 4018 
6121 4122 
1865 2142 
6162 
2540 846 
5165 2342 
4018 31 2495 2759 
4018 8 1613 5901 161 
939 5608 3421 2613 3968 678 3202 
1695 
6584 71 5921 2644 1881 4464 
3615 1359 2912 1235 228 841 2980 4840 64 2759 
2683 
3882 916 
4611 6579 2222 
88 5604 
3364 
1924 88 335 
2498 2068 
2699 2046 
1968 88 4 
1655 
2217 4662 1299 190 
909 5099 
4662 1639 31 413 
2163 
3126 1303 342 
6050 
1065 3432 1556 6392 2420 
6242 
4853 2496 
1905 
2142 
1971 1684 1593 
1763 518 
1639 
5215 800 3193 1235 596 5509 2281 141 135 
787 1437 2080 145 905 428 180 4818 
720 1078 
5465 228 
4663 3226 3019 6079 4112 1905 3739 5970 3 
1227 
6062 4649 400 755 937 39 938 
5278 3170 2342 
1956 6594 5719 
787 346 4429 
3140 1374 
2440 3214 
4140 4854 
174 4679 4429 1212 
414 2881 4204 1498 1608 361 5234 2486 
4506 805 
4898 1705 4300 
2965 2901 1936 5161 
1535 1855 814 4506 5024 542 
2678 
2339 3242 78 6281 6309 6572 1403 552 793 5165 3809 910 3379 
717 
1233 
4642 3193 5293 6157 6829 664 
414 441 1699 335 
2732 0 2637 3178 
787 3882 4375 2331 3805 5222 6110 3113 1065 3126 5970 5565 6283 1303 6829 814 
2809 2219 199 3968 
4840 1084 2676 145 5937 1704 
2342 4898 881 
1640 5877 1379 1280 6569 4853 4297 2771 6621 
3192 337 392 
3281 4963 2127 1694 561 438 1225 
2014 3551 4873 
1776 1911 1626 2682 1011 1430 988 3170 1697 6396 
138 0 2389 
6751 
806 
120 
190 
782 39 
1879 365 
1775 3071 2440 596 120 2219 2728 141 1947 1430 
1052 2217 1467 2940 6286 5742 478 2549 
228 
4782 
6024 
6756 2498 2342 6481 2496 
2523 2028 939 1718 3564 
4064 
2881 2940 2133 4018 3111 1233 
6829 
2701 4205 
916 
2014 
675 6138 
802 
784 2549 6298 2510 3981 2133 
1695 1389 5846 13 596 3235 88 1812 5970 4853 6392 5024 4264 
4147 
4898 5222 4023 
1233 2440 3272 583 
4853 1052 
